+---------+-------+------+------+-------------+------------+
|   Seq   |  GC % | MFE  | CAI  | Levenshtein | Identity % |
+---------+-------+------+------+-------------+------------+
|  Gen 1  | 58.33 | 0.00 | 1.00 |      3      |   75.00    |
|  Gen 2  | 58.33 | 0.00 | 0.85 |      1      |   91.67    |
|  Gen 3  | 50.00 | 0.00 | 0.85 |      4      |   66.67    |
|  Gen 4  | 50.00 | 0.00 | 0.84 |      2      |   83.33    |
|  Gen 5  | 50.00 | 0.00 | 0.76 |      4      |   66.67    |
|  Gen 6  | 50.00 | 0.00 | 0.72 |      3      |   75.00    |
|  Gen 7  | 50.00 | 0.00 | 0.65 |      2      |   83.33    |
|  Gen 8  | 41.67 | 0.00 | 0.64 |      3      |   75.00    |
|  Gen 9  | 41.67 | 0.00 | 0.55 |      4      |   66.67    |
|  Gen 10 | 58.33 | 0.00 | 0.50 |      3      |   75.00    |
|  Gen 11 | 41.67 | 0.00 | 0.48 |      1      |   91.67    |
|  Gen 12 | 50.00 | 0.00 | 0.38 |      4      |   66.67    |
|  Gen 13 | 58.33 | 0.00 | 0.50 |      3      |   75.00    |
|  Gen 14 | 58.33 | 0.00 | 0.50 |      3      |   75.00    |
|  Gen 15 | 58.33 | 0.00 | 1.00 |      3      |   75.00    |
| Natural | 50.00 | 0.00 | 0.63 |      0      |   100.00   |
+---------+-------+------+------+-------------+------------+