+----------+-------+---------+------+-------------+------------+
|   Seq    |  GC % |   MFE   | CAI  | Levenshtein | Identity % |
+----------+-------+---------+------+-------------+------------+
|  Gen 1   | 40.43 | -151.77 | 0.35 |     106     |   74.70    |
|  Gen 2   | 41.13 | -150.23 | 0.37 |     102     |   75.89    |
|  Gen 3   | 40.66 | -149.67 | 0.36 |     103     |   75.41    |
|  Gen 4   | 41.13 | -148.60 | 0.36 |     105     |   75.18    |
|  Gen 5   | 42.08 | -147.27 | 0.36 |     101     |   75.89    |
|  Gen 6   | 41.37 | -147.17 | 0.39 |     105     |   75.18    |
|  Gen 7   | 40.43 | -147.47 | 0.36 |     104     |   75.18    |
|  Gen 8   | 40.19 | -147.67 | 0.37 |     106     |   74.94    |
|  Gen 9   | 40.90 | -146.87 | 0.35 |     107     |   74.70    |
|  Gen 10  | 42.32 | -145.40 | 0.38 |     107     |   74.47    |
|  Gen 11  | 41.84 | -144.83 | 0.37 |      98     |   76.83    |
|  Gen 12  | 40.43 | -145.87 | 0.36 |     106     |   74.94    |
|  Gen 13  | 39.48 | -146.80 | 0.36 |     104     |   75.41    |
|  Gen 14  | 40.66 | -145.33 | 0.37 |     104     |   75.18    |
|  Gen 15  | 41.61 | -144.37 | 0.36 |     106     |   74.94    |
|  Gen 16  | 40.43 | -145.50 | 0.37 |     108     |   74.47    |
|  Gen 17  | 41.84 | -144.03 | 0.36 |     107     |   74.70    |
|  Gen 18  | 40.90 | -144.73 | 0.38 |     106     |   74.70    |
|  Gen 19  | 41.61 | -143.97 | 0.36 |     109     |   74.23    |
|  Gen 20  | 40.90 | -144.30 | 0.37 |     103     |   75.65    |
|  Gen 21  | 41.13 | -143.93 | 0.37 |     102     |   75.89    |
|  Gen 22  | 39.95 | -145.07 | 0.35 |     104     |   75.41    |
|  Gen 23  | 40.90 | -144.07 | 0.35 |     106     |   74.94    |
|  Gen 24  | 41.13 | -143.57 | 0.37 |     110     |   74.00    |
|  Gen 25  | 41.61 | -143.07 | 0.37 |     101     |   76.12    |
|  Gen 26  | 41.84 | -142.73 | 0.36 |     107     |   74.70    |
|  Gen 27  | 41.37 | -143.00 | 0.37 |     107     |   74.70    |
|  Gen 28  | 40.90 | -143.43 | 0.36 |     106     |   74.94    |
|  Gen 29  | 40.43 | -143.90 | 0.36 |     104     |   75.41    |
|  Gen 30  | 40.66 | -143.47 | 0.36 |     107     |   74.70    |
|  Gen 31  | 40.43 | -143.57 | 0.35 |     105     |   75.18    |
|  Gen 32  | 40.43 | -143.50 | 0.35 |     106     |   74.94    |
|  Gen 33  | 40.90 | -142.77 | 0.36 |     107     |   74.70    |
|  Gen 34  | 40.19 | -143.43 | 0.36 |     112     |   73.52    |
|  Gen 35  | 41.37 | -142.20 | 0.38 |      99     |   76.60    |
|  Gen 36  | 39.95 | -143.60 | 0.36 |     107     |   74.70    |
|  Gen 37  | 40.19 | -143.27 | 0.36 |     103     |   75.65    |
|  Gen 38  | 40.66 | -142.77 | 0.37 |     105     |   75.18    |
|  Gen 39  | 39.72 | -143.47 | 0.34 |     105     |   75.18    |
|  Gen 40  | 40.90 | -142.17 | 0.36 |     107     |   74.47    |
|  Gen 41  | 39.72 | -143.00 | 0.35 |     102     |   75.65    |
|  Gen 42  | 41.37 | -141.27 | 0.37 |     105     |   75.18    |
|  Gen 43  | 41.13 | -141.33 | 0.37 |     103     |   75.41    |
|  Gen 44  | 41.84 | -140.50 | 0.38 |     106     |   74.94    |
|  Gen 45  | 40.19 | -142.17 | 0.36 |     104     |   75.41    |
|  Gen 46  | 39.95 | -142.40 | 0.35 |     103     |   75.65    |
|  Gen 47  | 41.84 | -140.50 | 0.35 |     106     |   74.94    |
|  Gen 48  | 39.72 | -142.27 | 0.36 |     104     |   75.18    |
|  Gen 49  | 40.43 | -141.47 | 0.35 |     107     |   74.70    |
|  Gen 50  | 41.37 | -140.33 | 0.37 |     105     |   75.18    |
|  Gen 51  | 39.01 | -142.70 | 0.34 |     107     |   74.70    |
|  Gen 52  | 40.66 | -141.03 | 0.35 |     102     |   75.89    |
|  Gen 53  | 40.43 | -141.27 | 0.34 |     103     |   75.65    |
|  Gen 54  | 39.24 | -142.40 | 0.35 |     106     |   74.94    |
|  Gen 55  | 40.66 | -140.97 | 0.36 |     104     |   75.18    |
|  Gen 56  | 39.72 | -141.80 | 0.35 |     106     |   74.70    |
|  Gen 57  | 40.66 | -140.67 | 0.36 |     101     |   76.12    |
|  Gen 58  | 40.19 | -141.13 | 0.36 |     103     |   75.65    |
|  Gen 59  | 39.72 | -141.50 | 0.35 |     107     |   74.70    |
|  Gen 60  | 39.95 | -141.23 | 0.35 |     106     |   74.70    |
|  Gen 61  | 40.66 | -140.50 | 0.35 |     106     |   74.94    |
|  Gen 62  | 40.66 | -140.40 | 0.37 |     100     |   76.36    |
|  Gen 63  | 40.43 | -140.60 | 0.36 |     105     |   75.18    |
|  Gen 64  | 39.48 | -141.50 | 0.36 |     104     |   75.41    |
|  Gen 65  | 40.90 | -140.03 | 0.38 |     104     |   75.41    |
|  Gen 66  | 40.66 | -140.20 | 0.35 |     103     |   75.18    |
|  Gen 67  | 40.43 | -140.30 | 0.37 |     112     |   73.52    |
|  Gen 68  | 40.66 | -140.03 | 0.35 |     107     |   74.70    |
|  Gen 69  | 40.43 | -140.27 | 0.35 |     111     |   73.52    |
|  Gen 70  | 40.19 | -140.50 | 0.35 |     106     |   74.94    |
|  Gen 71  | 40.90 | -139.73 | 0.37 |     106     |   74.94    |
|  Gen 72  | 40.19 | -140.40 | 0.35 |     105     |   75.18    |
|  Gen 73  | 40.43 | -140.13 | 0.37 |     108     |   74.47    |
|  Gen 74  | 40.43 | -140.03 | 0.36 |     107     |   74.70    |
|  Gen 75  | 39.48 | -140.80 | 0.35 |     107     |   74.70    |
|  Gen 76  | 41.13 | -139.10 | 0.37 |     110     |   74.00    |
|  Gen 77  | 40.19 | -140.03 | 0.36 |     102     |   75.89    |
|  Gen 78  | 39.95 | -140.27 | 0.35 |     104     |   75.18    |
|  Gen 79  | 39.72 | -140.50 | 0.35 |     103     |   75.65    |
|  Gen 80  | 40.43 | -139.57 | 0.38 |      97     |   77.07    |
|  Gen 81  | 40.43 | -139.53 | 0.36 |     112     |   73.52    |
|  Gen 82  | 39.95 | -140.00 | 0.35 |      98     |   76.83    |
|  Gen 83  | 40.43 | -139.47 | 0.35 |     112     |   73.52    |
|  Gen 84  | 39.72 | -140.13 | 0.35 |     106     |   74.94    |
|  Gen 85  | 40.43 | -139.30 | 0.36 |     101     |   76.12    |
|  Gen 86  | 40.90 | -138.80 | 0.35 |     104     |   75.41    |
|  Gen 87  | 41.84 | -137.80 | 0.36 |     104     |   75.41    |
|  Gen 88  | 40.90 | -138.70 | 0.36 |     108     |   74.47    |
|  Gen 89  | 41.37 | -138.20 | 0.36 |     105     |   74.94    |
|  Gen 90  | 40.66 | -138.90 | 0.36 |     104     |   75.41    |
|  Gen 91  | 40.19 | -139.27 | 0.36 |     106     |   74.94    |
|  Gen 92  | 39.48 | -139.93 | 0.35 |     105     |   74.94    |
|  Gen 93  | 41.37 | -137.80 | 0.36 |     104     |   75.41    |
|  Gen 94  | 40.19 | -139.00 | 0.33 |     106     |   74.70    |
|  Gen 95  | 41.13 | -138.00 | 0.36 |     105     |   75.18    |
|  Gen 96  | 40.90 | -138.20 | 0.37 |     107     |   74.70    |
|  Gen 97  | 39.95 | -139.17 | 0.35 |     108     |   74.47    |
|  Gen 98  | 40.43 | -138.53 | 0.35 |     104     |   75.41    |
|  Gen 99  | 39.48 | -139.43 | 0.35 |     110     |   73.76    |
| Gen 100  | 40.19 | -138.70 | 0.35 |     104     |   75.41    |
| Best GC  | 42.32 | -145.40 | 0.38 |     107     |   74.47    |
| Best MFE | 40.43 | -151.77 | 0.35 |     106     |   74.70    |
| Best CAI | 41.37 | -147.17 | 0.39 |     105     |   75.18    |
| Natural  | 44.68 | -152.30 | 0.47 |      0      |   100.00   |
+----------+-------+---------+------+-------------+------------+